SfM_quality_evaluation, fountain-P11
timestamp R(rotation) t(translation)
urd/0005.png	0.962742	-0.0160548	-0.269944	-0.270399	-0.0444283	-0.961723	0.00344709	0.998884	-0.0471142	-14.1604	-3.32084	0.0862032
urd/0002.png	0.666779	-0.0831384	-0.740603	-0.74495	-0.0459057	-0.665539	0.021334	0.99548	-0.0925429	-9.46627	-5.58174	0.147736
urd/0003.png	0.795163	-0.050195	-0.604314	-0.606377	-0.0736593	-0.791759	-0.00477103	0.996019	-0.0890082	-10.8142	-4.53704	0.122293
urd/0004.png	0.890856	-0.0211638	-0.453793	-0.454283	-0.0449857	-0.889721	-0.00158434	0.998763	-0.0496901	-12.404	-3.81315	0.110559
urd/0006.png	0.994915	-0.00462005	-0.100616	-0.100715	-0.0339759	-0.994335	0.00117536	0.999412	-0.0342684	-15.8818	-3.15083	0.0592619
urd/0007.png	0.995535	0.003721	0.0943235	0.0943815	-0.02118	-0.995311	-0.00170578	0.999769	-0.0214366	-17.6302	-3.36186	0.0325247
urd/0008.png	0.928942	0.000956298	0.370223	0.370116	-0.0265758	-0.928605	0.00895096	0.999646	-0.0250414	-19.6309	-3.81958	-0.00781603
